
HotPop 16x10.7
24 38
min_pnts
59.65 48.95040742321338 59.789624567973995 49.09003199118736
32.0 31.90662607016737 16.00060923097326 15.907235301140702
max_pnts
59.65 67.21604255869606 70.96370849898474 78.52975105768077
32.7 25.133957441303963 44.01370849898478 36.447665940288715
HotPop 16x6.2
18 28
min_pnts
61.9 61.35963439496453 45.96088483053207 45.4205192254966
32.0 38.176407128168805 30.605508116037473 36.781915244206296
max_pnts
62.0 62.054104520089936 77.99939076902673 78.05349528911671
33.0 26.800236077002165 33.13962456797403 26.93986064497612
HotPop 6.2x10.7
12 20
min_pnts
59.65 58.717433552600056 53.47359287183115 52.541026424431244
36.9 47.55928326958167 36.35963439496453 47.01891766454619
max_pnts
59.65 70.35 59.65 70.35
38.8 38.8 45.0 45.0

/Users/ivan/venv/bin/python /Users/ivan/PycharmProjects/Analyzer/products/rectprod.py
FruityPebbles 30.8x19.6
27 100
min_pnts
51.1 51.36877729334991 70.6992536920578 70.96803098540761
30.2 -0.5988272303765036 30.371040095768098 -0.4277871346083586
max_pnts
51.1 51.36877729334991 70.6992536920578 70.96803098540761
30.2 -0.5988272303765036 30.371040095768098 -0.4277871346083586
FruityPebbles 30.8x5.2
22 42
min_pnts
49.6 18.799999999999947 49.59999999999999 18.80000000000001
38.3 38.30000000000001 33.100000000000016 33.10000000000005
max_pnts
49.6 18.799999999999947 49.59999999999999 18.80000000000001
38.3 38.30000000000001 33.100000000000016 33.10000000000005
FruityPebbles 19.6x5.2
14 28
min_pnts
55.2 74.8 55.2 74.8
39.1 39.1 44.300000000000004 44.300000000000004
max_pnts
55.2 74.8 55.2 74.8
39.1 39.1 44.300000000000004 44.300000000000004

Wisozky 13.7x7.3
15 26
min_pnts
58.15 71.84947834597914 58.08629629086187 71.78577463684101
36.35 36.46955353632772 43.64972203836845 43.769275574696174
max_pnts
58.15 71.84947834597914 58.08629629086187 71.78577463684101
36.35 36.46955353632772 43.64972203836845 43.769275574696174
Wisozky 13.7x7.8
15 26
min_pnts
58.15 71.84947834597914 58.08193302311268 71.78141136909181
36.1 36.21955353632772 43.89970299990053 44.019256536228255
max_pnts
58.15 71.84947834597914 58.08193302311268 71.78141136909181
36.1 36.21955353632772 43.89970299990053 44.019256536228255
Wisozky 7.8x7.3
9 17
min_pnts
61.1 68.89970299990054 61.03629629086187 68.83599929076242
36.35 36.41806697688732 43.64972203836845 43.71778901525577
max_pnts
61.1 68.89970299990054 61.03629629086187 68.83599929076242
36.35 36.41806697688732 43.64972203836845 43.71778901525577

Taanug 13.3x12.5
25 36
min_pnts
58.35 71.64949357675349 58.24091830627033 71.54041188302381
33.75 33.86606292212837 46.24952403830214 46.36558696043051
max_pnts
58.35 71.64949357675349 58.24091830627033 71.54041188302381
33.75 33.86606292212837 46.24952403830214 46.36558696043051
Taanug 13.3x3.55
10 18
min_pnts
58.35 71.64949357675349 58.31902079898077 71.61851437573426
38.225 38.34106292212837 41.77486482687781 41.89092774900618
max_pnts
58.35 71.64949357675349 58.31902079898077 71.61851437573426
38.225 38.34106292212837 41.77486482687781 41.89092774900618
Taanug 12.5x3.55
10 18
min_pnts
58.75 71.24952403830214 58.71902079898077 71.21854483728292
38.225 38.33408169372967 41.77486482687781 41.88394652060748
max_pnts
58.75 71.24952403830214 58.71902079898077 71.21854483728292
38.225 38.33408169372967 41.77486482687781 41.88394652060748

Process finished with exit code 0
